cuenta
10011032
20311089
20421080
20511010
20511016
20511135
20511140
20541006
20541010
20541052
20541086
20551111
20551122
20551144
20551148
20611013
20611038
20611063
20611087
20611116
20611156
20611173
20611227
20612019
20612033
20641006
20641062
20641086
20641093
20641142
20641152
20651002
20651030
20651040
20711004
20711019
20711082
20711100
20711116
20711122
20711164
20711181
20711280
20711333
20712016
20721009
20721029
20721039
20721064
20721067
20741020
20741044
20741067
20741073
20741099
20741110
20741118
20741119
20741140
20741153
20741158
20741187
20741220
20751006
20751017
20751052
20751078
20751079
20811007
20811028
20811051
20811061
20811062
20811114
20811164
20811180
20811184
20811207
20811221
20811223
20811229
20811260
20811283
20811288
20811315
20811319
20812004
20821009
20821038
20821053
20841008
20841009
20841015
20841019
20841024
20841034
20841042
20841045
20841064
20841076
20841111
20841136
20851066
20851118
20851123
