10011146
10011375
10021016
10021020
10021066
10021137
10021187
10021220
10111028
10121033
10121089
10121238
10121263
10211021
10211032
10211163
10211164
10211257
10211272
10211307
10221019
10221020
10221047
10221058
10221069
10221073
10221076
10221119
10221126
10221172
10221202
10221234
10221266
10221267
10311045
10311094
10311101
10311105
10311107
10311117
10311121
10311193
10311221
10311237
10311241
10311248
10311262
10311271
10311325
10321002
10321033
10321034
10321045
10321061
10321071
10321091
10321167
10321168
10321181
10321183
10321265
10321281
10321294
10411023
10411074
10411130
10411174
10411177
10411252
10411260
10411265
10411279
10411300
10421010
10421058
10421078
10421139
10421140
10421168
10421172
10421173
10421176
10421192
10421193
10421207
10421229
10421233
10421238
890011
932121
968112
981220
981246